0.828065,
2.414464,
2.632376,
2.824139,
4.000864,
5.569830,
5.787742,
5.996937,
7.182378,
7.775099,
8.751344,
10.346460,
10.930464,
11.906709,
13.100867,
13.519258,
14.077112,
15.053358,
15.375868,
15.663512,
16.203933,
16.631041,
16.927000,
17.249911,
17.816482,
18.208723,
18.618398,
19.019356,
19.237268,
19.420314,
19.594643,
19.777689,
19.995601,
20.204797,
20.396559,
20.597038,
21.390238,
22.157288,
22.375200,
22.575679,
22.784874,
22.950487,
23.159683,
23.342729,
23.543208,
23.761120,
24.536886,
