0.150395,
0.372717,	
0.713830,	
0.914356,	
1.226044,	
1.560617,	
3.484144,	
3.799101,	
4.128225,	
4.321123,	
4.533637,	
4.666595,	
4.997899,	
6.930144,	
7.354083,	
7.790009,	
8.198691,	
8.837323,	
9.269980,	
9.688470,	
10.127666,	
10.364156,	
10.772837,	
11.200046,	
11.619625,	
12.270246,	
12.699633,	
13.124662,	
13.551870,	
13.802528,	
14.109000,
14.420454,	
14.623160,	
14.947925,	
15.292307,	
17.210384,	
17.520982,	
17.838119,	
18.061531,	
18.378668,	
18.702343,	
20.677091,	
21.059617,	
21.485735,	
21.918392,	
22.596258,	
23.003850,	
23.414710,	
23.860445,	
24.115463,	
24.493629,	
24.918657,	
25.353494,	
25.991037,	
26.411706,	
26.846543,	
27.281380,