0.154164,	
0.714761,	
1.359448,
1.807926,
2.431590,
3.013210,
3.398621,
4.099367,
4.716024,
5.108442,
5.781159,
6.404823,
6.811256,
7.476965,
8.107637,
8.507063,
9.172772,
9.810451,
10.181847,
10.833541,
11.471220,
11.828601,
12.459273,
13.068922,
13.685579,
14.351288,
14.778744,
15.178169,
15.794826,
16.460535,
16.824924,
17.504648,
18.093275,
18.555767,
19.186439,
19.803096,
20.216537,
20.903268,
21.526933,
21.898328,
22.550022,
23.215732,
23.620000,
24.266851,
24.848471,
25.254904,
25.885576,
26.551285,
27.013778,
27.623427,
28.219062,
28.688562,
29.256166,
29.865816,
30.328309,
30.958980,
31.610675,
31.989078,
32.605735,
33.236407,
33.656854,
34.343586,
34.932213,
35.625952,
36.018370,
36.578967,
37.047000,
37.679139,
38.288789,
38.724000,
39.353924,
39.984595,
40.362998,
41.021700,
41.631350,
42.128880,
42.717507,
43.313141,
43.775634,
44.378276,
44.987925,
45.436403,
46.032038,
46.662710,
47.118195,
47.755874,
48.351509,
48.757942,
49.430658,
50.026293,
50.453748,
51.084420,
51.729107,
52.150000,
52.822271,
53.445936,
54.391943,
55.071668,
55.555183,
56.115780,
56.718422,
57.131862,
57.776549,
58.414228,
58.953803,
59.472356,
60.039960,
60.551505,
61.196192,
61.833871,
62.205267,
62.856961,
63.480626,
63.899000,
64.482693,
65.176432,
65.578000,
66.234559,
66.823186,
67.278672,
67.832261,
68.504978,
68.911411,
69.584128,
70.158740,
70.635247,
71.209859,
71.826516,
72.394121,
72.884644,
73.368159,
73.921748,
74.573443,
75.211122,
75.589525,
76.255234,
76.934958,
77.285332,
77.972063,
78.567698,
78.953108,
79.625825,
80.263504,
