0.128639,	
0.445435,
0.787191,
2.755000,
3.083485,	
3.384922,	
4.753867,	
5.470019,	
5.804095,	
6.186171,	
8.131109,	
10.772999,	
11.103236,	
11.406592,	
13.476329,	
13.793126,	
14.161762,	
15.444307,	
16.074060,	
16.404296,	
16.736453,	
21.419280,	
21.764876,	
22.100873,	
24.091890,	
24.429807,	
24.811882,	
26.082908,	
26.733781,
27.081000,
27.401933,	
32.102041,	
32.424597,	
32.760593,	
34.770811,	
35.078008,	
35.425524,	
36.782948,	
37.453021,
37.802457,	
38.148053,	
42.792481,	
43.157277,	
43.531673,	
45.430532,	
45.749248,	
46.091004,	
47.444589,	
48.089702,	
48.398818,	
48.750175,	
53.448362,	
53.803558,	
54.143394,	
56.176651,	
56.455048,	
56.746885,	
58.106230,	
58.787822,	
59.179498,	
59.434855,	
64.104243,		
64.436399,	
64.764715,	
66.765333,
67.074450,	
67.418126,	
68.758271,		
69.422583,	
69.748980,	
70.088816,