0.055000,
0.440485,
0.794446,
1.172004,
1.518099,
1.864195,
2.375472,
2.878000,
3.237000,
3.585000,
3.938000,
4.294727,
4.853199,
5.350000,
5.703000,
6.057000,
6.409000,
6.763000,
7.134281,
7.834337,
8.530000,
8.890000,
9.228182,
9.596276,
10.170316,
10.529000,
10.880000,
11.255960,
11.720042,
12.075042,
12.426042,
12.777042,
13.356128,
13.671042,
14.197769,
14.543042,
14.902042,
15.250042,
15.603042,
16.148487,
16.651899,
17.015042,
17.368042,
17.722042,
18.074042,
18.428042,
19.137491,
19.845413,
20.191509,
20.553335,
20.915162,
21.481500,
21.835461,
22.197288,
22.559114,

