0.059889,
0.499797,
0.942973,
1.382881,
1.826057,
2.267054,
2.703696,
3.146872,
3.594403,
4.029956,
4.472042,
4.913040,
5.357304,
5.793946,
6.234944,
6.679208,
7.119117,
7.563381,
8.003289,
8.447554,
8.885285,
9.328460,
9.764013,
10.205011,
10.649275,
11.092450,
11.533448,
11.971179,
12.412176,
12.853174,
13.297438,
13.738436,
14.181611,
14.612809,
15.060340,
15.494804,
15.941246,
16.376799,
16.822152,
17.255528,
17.707414,
18.138612,
18.592676,
19.027140,
19.468138,
19.909135,
20.349044,
20.786775,
21.234306,
21.670948,
22.126101,
22.549676,
23.002652,
23.443649,
23.883558,
24.318022,
24.764464,
25.202195,
25.647548,
26.078746,
26.527366,
26.959652,
27.409361,
27.852536,
28.291356,
28.504777,
28.718198,
28.958841,
29.172262,
29.383506,
29.599104,
29.832125,
30.056435,
30.269856,
30.485455,
30.708676,
30.939519,
31.149674,
31.365273,
31.591760,
31.821515,
32.032758,
32.247268,
32.474844,
32.702421,
32.912575,
33.132530,
33.355751,
33.582238,
33.797837,
34.012347,
34.238835,
34.468589,
34.678743,
34.893253,
35.120830,
35.352762,
35.557472,
35.776337,
36.001736,
36.230401,
36.446000,
36.659421,
36.884820,
37.117841,
37.324729,
37.542505,
37.766815,
37.994392,
38.207813,
38.427767,
38.653166,
38.877476,
39.089808,
39.306496,
39.532983,
39.759471,
39.973981,
40.188491,
40.414979,	
40.642555,
40.858154,
41.070486,
41.296974,
41.526728,
41.735794,
41.954659,
42.177880,
42.406545,
42.618878,
42.836654,
43.063142,
43.288541,
43.501962,
43.719738,
43.942959,
44.173802,
44.383957,
44.602822,
44.826043,
45.053620,
45.267041,
45.483729,
45.709127,
45.937793,
46.149036,
46.365724,
46.592211,
46.819788,
47.032120,
47.247719,
47.474206,
47.701783,
47.915204,
48.129714,
48.356202,
48.588134,
48.798288,
49.012798,
49.236019,
49.463596,
49.679194,
49.892615,
50.119103,
50.348857,
50.561190,
50.776788,
51.001098,
51.229764,
51.445363,
51.659872,
51.884182,
52.112848,
52.324091,
52.541868,
52.767266,
52.995932,
53.208264,
53.424952,
53.650350,
53.876838,
54.092437,
54.308036,
54.531257,
54.762100,
54.973343,
55.192209,
55.413252,
55.646273,
55.853161,
56.073115,	
56.300691,
56.528268,
56.968177,
57.413530,
57.852350,
58.296614,
58.745234,
59.182965,
59.623962,
60.063871,
60.501602,
60.941510,
61.380330,
61.821328,
62.265592,
62.703323,
63.149765,
63.589674,
64.033938,
64.481469,
64.917022,
65.354753,
65.801195,
66.242193,
66.678835,	
67.124188,
67.561919,
68.005094,
68.446092,
68.890356,
69.333531,
69.771262,
70.216615,
70.658702,
71.095344,
71.538519,
71.984961,
72.423781,
72.863690,
73.307954,
73.738063,
74.188860,
74.632035,
75.061055,
75.512942,
75.960473,
76.392759,
76.843557,
77.278021,
