0.124000,
0.524000,
0.923000,
1.323000,
1.723000,
2.123000,
2.523000,
2.923000,
3.323000,
3.723000,
4.123000,
4.523000,
4.923000,
5.323000,
5.723000,
6.123000,
6.523000,
6.923000,
7.323000,
7.723000,
8.123000,
8.523000,
8.923000,
9.323000,
12.911000,
13.319581,
13.694836,
14.093792,
14.525000,
14.925000,
15.278808,
15.697513,
16.126000,
16.483574,
16.878579,
17.281485,
17.700191,
18.126000,
18.490201,
18.893107,
19.315763,
19.726000,
20.113673,
20.496829,
20.891834,
21.314490,
21.705545,
22.100550,
22.507406,
22.925000,
23.325067,
23.708222,
24.087427,
24.517983,
24.897189,
25.288244,
25.683249,
26.126000,
26.485110,
26.899866,
27.283021,
27.725427,
28.104632,
28.491737,
28.894643,
29.301498,
29.716254,
30.083609,
30.478614,
30.905220,
31.272575,
31.699181,
32.086286,
32.526000,
32.896047,
33.298953,
33.693958,
34.100814,
34.503719,
34.890824,
35.293730,
35.696635,
36.095591,
36.486646,
36.873751,
37.284557,
37.675612,
38.054817,
38.461673,
38.926000,
39.303034,
39.690140,
40.104895,
40.488050,
40.883056,
41.282011,
41.684917,
42.125000,
42.490728,
42.897583,
43.284689,
43.719194,
44.098400,
44.489455,
44.923961,
45.283416,
45.694221,
46.081327,
46.472382,
46.891088,
47.326000,
47.692948,
48.080054,
48.525000,
48.889815,
49.261120,
49.675875,
50.070881,
50.454036,
50.864842,
51.275647,
51.694353,
52.089358,
52.492264,
52.867519,
53.324000,
53.723000,
54.123000,
54.487041,
54.909697,
55.292852,
55.683907,
56.106563,
56.524000,
56.923000,
57.299479,
57.698434,
58.093440,
58.504245,
58.895301,
59.306106,
59.712962,
60.107967,
60.502973,
60.913778,
61.300883,
61.707739,
62.098794,
62.489850,
62.924000,
63.323000,
63.710416,
64.105422,
64.524000,
64.923000,
65.323000,
65.723000,
66.123000,
66.523000,
66.923000,
67.323000,
67.723000,
68.123000,
68.523000,
68.923000,
69.323000,
69.723000,
70.123000,
70.523000,
70.923000,
71.323000,
71.723000,
72.123000,
72.523000,
72.923000,
73.323000,
73.723000,
74.123000,
74.523000,
74.923000,
